[1] 13
[1] 13.6
[1] 13.2
[1] 13
[1] 12.7
[1] 12.9
[1] 12.8
[1] 13.1
[1] 13.7
[1] 12.3
[1] 12.4
[1] NA
[1] 12.8
[1] 12.8
[1] 13.7
[1] 13.9
[1] 12
[1] 13
[1] 13
[1] 12.6
[1] 13.2
[1] 13.5
[1] NA
[1] 12
[1] 14.1
[1] 14
[1] 13.7
[1] 13.2
[1] 13.3
[1] 13.3
[1] 13.3
[1] 11.8
[1] 12.1
[1] 12.3
[1] NA
[1] 13.4
[1] 12.4
[1] 13.3
[1] 12.5
[1] 13.3
[1] 13.3
[1] 12.7
[1] NA
[1] NA
[1] 13
[1] NA
[1] NA
[1] 13
[1] NA
[1] 13
[1] 12.7
[1] 14
[1] 13.5
[1] NA
[1] 13
[1] 13.4
[1] 13.2
[1] 13.5
[1] 12.8
[1] NA
[1] NA
[1] 13.1
[1] NA
[1] 14
[1] 13.9
[1] NA
[1] NA
[1] 13.2
[1] NA
[1] NA
[1] 14.5
[1] NA
[1] NA
[1] 13.5
[1] NA
[1] NA
[1] NA
[1] NA
[1] 13.5
[1] 12.1
[1] NA
[1] NA
[1] NA
[1] NA
[1] NA
[1] NA
[1] NA
[1] 13.3
[1] NA
[1] NA
[1] NA
[1] 12.9
[1] NA
[1] 13.3
[1] 12.9
[1] NA
[1] NA
[1] 13
[1] NA
[1] NA
[1] 13
[1] 12.9
[1] 12.1
[1] NA
[1] 13.2
[1] 13.2
[1] NA
[1] 12.6
[1] NA
[1] 13.2
[1] 13.4
[1] NA
[1] 14.1
[1] NA
[1] NA
[1] NA
[1] NA
[1] 13.7
[1] NA
[1] 13.2
[1] 13.3
[1] NA
[1] 13
[1] 13.7
[1] NA
[1] NA
[1] 13
[1] NA
[1] 13.3
[1] 14
[1] 13.7
[1] NA
[1] NA
[1] NA
[1] 13
[1] NA
[1] NA
[1] 13.8
[1] NA
[1] 13.1
[1] NA
[1] NA
[1] NA
[1] 12.4
[1] NA
[1] NA
[1] NA
[1] NA
[1] 13.4
[1] NA
[1] NA
[1] 13
[1] NA
[1] NA
[1] 13.4
[1] NA
[1] NA
[1] NA
[1] NA
[1] 13.3
[1] 13.5
[1] 13.7
[1] NA
[1] 13.5
[1] NA
[1] 13
[1] NA
[1] 13.1
[1] NA
[1] 13.1
[1] NA
[1] NA
[1] NA
[1] 13.4
[1] 13
[1] NA
[1] 13.7
[1] NA
[1] 13.4
[1] NA
[1] NA
[1] 13
[1] NA
[1] 12.5
[1] NA
[1] NA
[1] 13
[1] NA
[1] 12.3
[1] 13
[1] NA
[1] 12.8
[1] 12.7
[1] NA
[1] NA
[1] 13.6
[1] NA
[1] 13.3
[1] NA
[1] NA
[1] 12.7
[1] 12.5
[1] 12.4
[1] 13
[1] NA
[1] 12.3
[1] NA
[1] NA
[1] 13
[1] NA
[1] 13.8
[1] NA
[1] 13.3
[1] NA
[1] 13.6
[1] 14
[1] 13.7
[1] 13.4
[1] 13.5
[1] 14
[1] NA
[1] NA
[1] 13.1
[1] 13.3
[1] NA
[1] NA
[1] NA
[1] NA
[1] NA
[1] NA
[1] 13.5
[1] NA
[1] 13.4
[1] 13.2
[1] NA
[1] 13.1
[1] NA
[1] 13.5
[1] NA
[1] NA
[1] NA
[1] NA
[1] 13
[1] NA
[1] 13.2
[1] 13.9
[1] NA
[1] 13.8
[1] 14
[1] NA
[1] 13
[1] NA
[1] 13
[1] 13.5
[1] 13.4
[1] 12.6
[1] 13.4
[1] 13
[1] 13.9
[1] NA
[1] 12.5
[1] 13
[1] NA
[1] 13.2
[1] NA
[1] 13.5
[1] 13.1
[1] 13.1
[1] NA
[1] 12.7
[1] 13
[1] 13.3
[1] 12.6
[1] 13.4
[1] 13.6
[1] 13.5
[1] NA
[1] 14
[1] 13
[1] 13.2
[1] 13.6
[1] 13.8
[1] 14
[1] 13.7
[1] 13.8
[1] 13.6
[1] NA
[1] 13.7
[1] 13.6
[1] 13
[1] 12.7
[1] 12.2
[1] 13.5
[1] 12.5
[1] 11.8
[1] 13
[1] 12.6
[1] 12.8
[1] 13.2
[1] 13.5
[1] 13.8
[1] 12.9
[1] 13.7
[1] 14.1
[1] 14.1
[1] 13.2
[1] 12.9
[1] 13.3
[1] 12.8
[1] 14.1
[1] 14
[1] 16
[1] 15.8
[1] 14.1
[1] 12.7
[1] 12.5
[1] 12.4
[1] 12
[1] 13
[1] NA
[1] 13.7
[1] 13.3
[1] 12.9
[1] 14
[1] 14.3
[1] 14.5
[1] 14.7
[1] 14
[1] 13.4
[1] 12.6
[1] 13.9
[1] 14.2
[1] 13.9
[1] 13.5
[1] 13
[1] 13.5
[1] 12.3
[1] 12.8
[1] 13
[1] 13
[1] 13.6
[1] 13.1
[1] 13
[1] 13.8
[1] 14.4
[1] 15
[1] 13.7
[1] 14
[1] 13.2
[1] 13.5
[1] 13
[1] 13.4
[1] 12.65
[1] 12.5
[1] 13
[1] 13.5
[1] 13.2
[1] 13
[1] 13.9
[1] 11.4
[1] 11.4
[1] 13.1
[1] 12.8
[1] 12.6
[1] NA
[1] 12
[1] 13.1
[1] NA
[1] NA
[1] 13.3
[1] 13.6
[1] 13.4
[1] 13.5
[1] 13.4
[1] 13.3
[1] 13.6
[1] 13.5
[1] 14.6
[1] 12.8
[1] 12.7
[1] 12.9
[1] 14.1
[1] 13.6
[1] 13
[1] 13.2
[1] 13.7
[1] 14
[1] 14
[1] 14.1
[1] NA
[1] 13.7
[1] 13.7
[1] 13.7
[1] 13.7
[1] 13.4
[1] 13
[1] 13.5
[1] 13.8
[1] NA
[1] 13.8
[1] 13.8
[1] NA
[1] 13.5
[1] 14
[1] 12.5
[1] 14
[1] 13.3
[1] 13.5
[1] 12.8
[1] 13.3
[1] 13.1
[1] 13.2
[1] 14
[1] 13.2
[1] 14.1
[1] 13.3
[1] 13.3
[1] 12.3
[1] 13
[1] 13.5
[1] 13.8
[1] 13.3
[1] 13.6
[1] 13.3
[1] 13.3
[1] 13.3
[1] 12.7
[1] 13.2
[1] 12.7
[1] 14.1
[1] 13.4
[1] 12.5
[1] 13.3
[1] 12.8
[1] 13.4
[1] 13.8
[1] NA
[1] 12.5
[1] 13.1
[1] NA
[1] 13.4
[1] NA
[1] 13.3
[1] NA
[1] NA
[1] NA
[1] NA
[1] NA
[1] NA
[1] NA
[1] 12.4
[1] 12.6
[1] NA
[1] 12.5
[1] 12
[1] 12.5
[1] NA
[1] NA
[1] NA
[1] NA
[1] NA
[1] NA
[1] NA
[1] NA
[1] NA
[1] NA
[1] NA
[1] NA
[1] NA
[1] NA
[1] NA
[1] NA
[1] NA
[1] NA
[1] NA
[1] NA
[1] 14.2
[1] NA
[1] NA
[1] NA
[1] NA
[1] 13
[1] 14
[1] 13.4
[1] 13.5
[1] NA
[1] NA
[1] NA
[1] 13
[1] 12.8
[1] 13.4
[1] 13.2
[1] 13.2
[1] 13.2
[1] NA
[1] NA
[1] NA
[1] 13.8
[1] 14.3
[1] NA
[1] NA
[1] NA
[1] NA
[1] NA
[1] NA
[1] NA
[1] NA
[1] NA
[1] NA
[1] NA
[1] 13.9
[1] 13.8
[1] NA
[1] NA
[1] NA
[1] 12.9
[1] 12.8
[1] 12.5
[1] NA
[1] NA
[1] NA
[1] NA
[1] NA
[1] NA
[1] NA
[1] NA
[1] NA
[1] NA
[1] 12.7
[1] 13.6
[1] 12.8
[1] NA
[1] 13.1
[1] 13
[1] 13.2
[1] NA
[1] NA
[1] 13.2
[1] NA
[1] NA
[1] NA
[1] 13
[1] 12.5
[1] 12.5
[1] 13
[1] 12.8
[1] 12.5
[1] 12.5
[1] 12.2
[1] 12.5
[1] NA
[1] NA
[1] NA
[1] NA
[1] NA
[1] NA
[1] NA
[1] NA
[1] NA
[1] NA
[1] NA
[1] NA
[1] NA
[1] NA
[1] 13.8
[1] 13.9
[1] 13.9
[1] 14.1
[1] NA
[1] 13.7
[1] 14
[1] NA
[1] NA
[1] NA
[1] NA
[1] NA
[1] NA
[1] NA
[1] NA
[1] NA
[1] NA
[1] NA
[1] NA
[1] NA
[1] NA
[1] NA
[1] 12.9
[1] NA
[1] NA
[1] NA
[1] 13.7
[1] 13.9
[1] 13.5
[1] 13
[1] 13
[1] NA
[1] NA
[1] NA
[1] NA
[1] NA
[1] NA
[1] NA
[1] NA
[1] NA
[1] NA
[1] NA
[1] NA
[1] NA
[1] NA
[1] NA
[1] NA
[1] NA
[1] NA
[1] NA
[1] NA
[1] NA
[1] NA
[1] NA
[1] 13
[1] 13.2
[1] NA
[1] NA
[1] NA
[1] NA
[1] 13.9
[1] 14
[1] 14
[1] NA
[1] 13.1
[1] NA
[1] NA
[1] 13
[1] 13.2
[1] NA
[1] 14.4
[1] 13.8
[1] 13.7
[1] 13.9
[1] 13.3
[1] NA
[1] 13.3
[1] 13.8
[1] NA
[1] 13.5
[1] NA
[1] 13.5
[1] 13.2
[1] 13.3
[1] NA
[1] NA
[1] 12.3
[1] 13.1
[1] 12.2
[1] NA
[1] NA
[1] NA
[1] NA
[1] 13.5
[1] 13
[1] 13.1
[1] 13.2
[1] 13.3
[1] 12
[1] 12.6
[1] 13.2
[1] 13.7
[1] 13.5
[1] 13.5
[1] 13.5
[1] 13.4
[1] 13.5
[1] 13.5
[1] 13
[1] 13.5
[1] 13.7
[1] 13.8
[1] 14.1
[1] 12.8
[1] 13.3
[1] 12.1
[1] NA
[1] NA
[1] NA
[1] NA
[1] NA
[1] NA
[1] NA
[1] NA
[1] NA
[1] NA
[1] 13.5
[1] NA
[1] NA
[1] NA
[1] NA
[1] NA
[1] NA
[1] NA
[1] NA
[1] NA
[1] NA
[1] NA
[1] NA
[1] NA
[1] NA
[1] NA
[1] NA
[1] NA
[1] NA
[1] NA
[1] NA
[1] NA
[1] NA
[1] NA
[1] NA
[1] NA
[1] NA
[1] NA
[1] NA
[1] NA
[1] NA
[1] 13.1
[1] NA
[1] NA
[1] NA
[1] NA
[1] NA
[1] NA
[1] NA
[1] NA
[1] NA
[1] NA
[1] 14.3
[1] NA
[1] 12.5
[1] NA
[1] 12.5
[1] 12.5
[1] 12.3
[1] 12.3
[1] NA
[1] NA
[1] NA
[1] NA
[1] NA
[1] 12.4
[1] 13
[1] 12.5
[1] 13.2
[1] 13.1
[1] 13.5
[1] 13.5
[1] 12.8
[1] 13
[1] 13.9
[1] 15
[1] NA
[1] 13.9
[1] 14.1
[1] 14
[1] 14.6
[1] 13.4
[1] 14
[1] 13.1
[1] 12.7
[1] 13.1
[1] 13.3
[1] 12.8
[1] 13.1
[1] 13
[1] NA
[1] NA
[1] NA
[1] NA
[1] NA
[1] NA
[1] NA
[1] NA
[1] NA
[1] NA
[1] NA
[1] NA
[1] NA
[1] NA
[1] NA
[1] NA
[1] NA
[1] NA
[1] NA
[1] NA
[1] NA
[1] 13.9
[1] NA
[1] NA
[1] NA
[1] NA
[1] 14
[1] 13.3
[1] 13.7
[1] 13.7
[1] 13.9
[1] NA
[1] NA
[1] NA
[1] NA
[1] NA
[1] NA
[1] NA
[1] NA
[1] NA
[1] NA
[1] NA
[1] NA
[1] NA
[1] NA
[1] NA
[1] NA
[1] NA
[1] NA
[1] NA
[1] NA
[1] NA
[1] NA
[1] NA
[1] NA
[1] NA
[1] NA
[1] NA
[1] NA
[1] NA
[1] 13.9
[1] NA
[1] NA
[1] NA
[1] NA
[1] NA
[1] NA
[1] NA
[1] NA
[1] NA
[1] NA
[1] NA
[1] NA
[1] NA
[1] NA
[1] NA
[1] NA
[1] NA
[1] NA
[1] NA
[1] NA
[1] NA
[1] NA
[1] NA
[1] 13.8
[1] 13
[1] 13
[1] 13.5
[1] 13.4
[1] NA
[1] NA
[1] NA
[1] NA
[1] NA
[1] NA
[1] NA
[1] NA
[1] NA
[1] NA
[1] NA
[1] NA
[1] NA
[1] NA
[1] 14.2
[1] NA
[1] NA
[1] NA
[1] NA
[1] NA
[1] NA
[1] NA
[1] NA
[1] NA
[1] NA
[1] NA
[1] NA
[1] NA
[1] NA
[1] NA
[1] NA
[1] NA
[1] NA
[1] NA
[1] NA
[1] NA
[1] NA
[1] NA
[1] NA
[1] NA
[1] NA
[1] NA
[1] NA
[1] NA
[1] NA
[1] NA
[1] NA
[1] NA
[1] NA
[1] NA
[1] NA
[1] NA
[1] NA
[1] NA
[1] NA
[1] NA
[1] NA
[1] NA
[1] NA
[1] NA
[1] NA
[1] NA
[1] NA
[1] NA
[1] NA
[1] NA
[1] NA
[1] NA
[1] NA
[1] NA
[1] NA
[1] NA
[1] NA
[1] NA
[1] NA
[1] NA
[1] NA
[1] 13
[1] 13.5
[1] NA
[1] NA
[1] NA
[1] NA
[1] NA
[1] NA
[1] NA
[1] NA
[1] 14.3
[1] NA
[1] NA
[1] 13.7
[1] 13.5
[1] NA
[1] 13.9
[1] 13.7
[1] NA
[1] 13.9
[1] "ss  end  "

C:\Users\yxy\Github_desktop\CMEECourseWork\week04\Code>Rscript HO2_23Oct.R
[1] "ssss  start  sssssssss"
'data.frame':   1770 obs. of  8 variables:
 $ BirdID: int  1 2 2 2 2 2 2 2 2 2 ...
 $ Year  : int  2002 2001 2002 2003 2004 2004 2004 2004 2004 2005 ...
 $ Tarsus: num  16.9 16.8 17.2 17.5 17.8 ...
 $ Bill  : num  NA NA NA 13.5 13.4 ...
 $ Wing  : num  76 76 76 76 77 78 77 77 77 77 ...
 $ Mass  : num  23.6 27.5 28.1 27.8 26.5 ...
 $ Sex   : int  0 1 1 1 1 1 1 1 1 1 ...
 $ Sex.1 : chr  "female" "male" "male" "male" ...
[1] NA
[1] "Hereeeeeeeeeeeeeeeeeeeeeeeeeeeeeeeeeee"
[1] 13.4
[1] "numeric"
Error: unexpected symbol in:
"  # print(each)
  if is.na"
Execution halted

C:\Users\yxy\Github_desktop\CMEECourseWork\week04\Code>Rscript HO2_23Oct.R
[1] "ssss  start  sssssssss"
'data.frame':   1770 obs. of  8 variables:
 $ BirdID: int  1 2 2 2 2 2 2 2 2 2 ...
 $ Year  : int  2002 2001 2002 2003 2004 2004 2004 2004 2004 2005 ...
 $ Tarsus: num  16.9 16.8 17.2 17.5 17.8 ...
 $ Bill  : num  NA NA NA 13.5 13.4 ...
 $ Wing  : num  76 76 76 76 77 78 77 77 77 77 ...
 $ Mass  : num  23.6 27.5 28.1 27.8 26.5 ...
 $ Sex   : int  0 1 1 1 1 1 1 1 1 1 ...
 $ Sex.1 : chr  "female" "male" "male" "male" ...
[1] NA
[1] "Hereeeeeeeeeeeeeeeeeeeeeeeeeeeeeeeeeee"
[1] 13.4
[1] "numeric"
Error: unexpected symbol in:
"  # print(each)
  if is.na"
Execution halted

C:\Users\yxy\Github_desktop\CMEECourseWork\week04\Code>Rscript HO2_23Oct.R
[1] "ssss  start  sssssssss"
'data.frame':   1770 obs. of  8 variables:
 $ BirdID: int  1 2 2 2 2 2 2 2 2 2 ...
 $ Year  : int  2002 2001 2002 2003 2004 2004 2004 2004 2004 2005 ...
 $ Tarsus: num  16.9 16.8 17.2 17.5 17.8 ...
 $ Bill  : num  NA NA NA 13.5 13.4 ...
 $ Wing  : num  76 76 76 76 77 78 77 77 77 77 ...
 $ Mass  : num  23.6 27.5 28.1 27.8 26.5 ...
 $ Sex   : int  0 1 1 1 1 1 1 1 1 1 ...
 $ Sex.1 : chr  "female" "male" "male" "male" ...
[1] NA
[1] "Hereeeeeeeeeeeeeeeeeeeeeeeeeeeeeeeeeee"
[1] 13.4
[1] "numeric"
Error: unexpected symbol in:
"  # print(each)
  if is.na"
Execution halted

C:\Users\yxy\Github_desktop\CMEECourseWork\week04\Code>